29281992
29984014
30038422
30110048
30315586
31530164
40404470
40515514
40518041
40795915
55295028
55401985
126658353
139728222
150392584
160192386
167304735
167720039
179201107
179206253
179305185
179376451
179639066
220424200
232083010
255686390
260131665
269794986
276864600
277022505
277022967
277023992
277025859
277026183
277099925
277172980
277173650
277300045
278611926
279957111
281741629
287401176
307160124
370227780
373918302
373919576
389076668
389437365
389565293
389921913
391746578
391810734
391813813
404796860
404798544
404850274
404852080
404852096
404854454
404933493
404967301
410447919
425068761
425081475
