2.928199200000000000e+07
2.998401400000000000e+07
3.153016400000000000e+07
5.529502800000000000e+07
5.540198500000000000e+07
1.266583530000000000e+08
1.503925840000000000e+08
1.601923860000000000e+08
1.673047350000000000e+08
1.677200390000000000e+08
1.793051850000000000e+08
2.204242000000000000e+08
2.320830100000000000e+08
2.556863900000000000e+08
2.697949860000000000e+08
2.786119260000000000e+08
2.799571110000000000e+08
2.817416290000000000e+08
3.071601240000000000e+08
3.702277800000000000e+08
3.890766680000000000e+08
3.894373650000000000e+08
4.104479190000000000e+08
